0 0
1 0
2 0
3 0
4 0
5 0
6 0
7 0
8 7.8
9 17.5333
10 23.9333
11 22.2667
12 37.2
13 49.3333
14 42.1333
15 72.4
16 79.4
17 103.8
18 202.467
19 369.733
20 520.333
21 530.067
22 306.8
23 151.067
24 122
25 85.2
26 52.1333
27 44.9333
28 28
29 36.2
30 29.6
31 39
32 38.4
33 47.6
34 20.8
35 40.2
36 33.4667
37 42
38 22.0667
39 49.3333
40 33.5333
41 31.9333
42 41.6
43 47.6667
44 26.4
45 27.0667
46 56.2
47 34.2667
48 27
49 20.2667
50 37.6667
51 43.4667
52 28.7333
53 34.3333
54 33.0667
55 40.3333
56 32.1333
57 44.7333
58 37.6667
59 45.8667
60 42.0667
61 31.2667
62 40.1333
63 57.7333
64 29.9333
65 36.4667
66 27.6667
67 43.9333
68 39.5333
69 31.1333
70 32.7333
71 41
72 49.6667
73 35.9333
74 32
75 46.4
76 23.5333
77 34
78 43.2667
79 32.8
80 45
81 45.4667
82 50.3333
83 54.2667
84 40.4667
85 45.6
86 42.1333
87 38.5333
88 40.7333
89 42.8
90 38.4
91 47.9333
92 36.6
93 33.4667
94 59.1333
95 50.5333
96 40.3333
97 48.6667
98 51.2667
99 56.6
100 33.9333
101 45.0667
102 37.6
103 39.3333
104 54.1333
105 42.8
106 63
107 52.2
108 45.7333
109 31.4667
110 56.3333
111 52.6667
112 51.3333
113 39.2
114 45.8667
115 47.8667
116 52.0667
117 58.7333
118 50.6
119 75.1333
120 58.8
121 46.6
122 50.0667
123 78.4
124 62.2667
125 94.8
126 96.5333
127 59.3333
128 71.3333
129 87.7333
130 80.0667
131 83.3333
132 84.9333
133 88.4667
134 68.2667
135 83.4
136 68.1333
137 73.9333
138 64.2
139 65.4
140 73.8667
141 59.4667
142 82.7333
143 67.5333
144 79
145 74
146 66.7333
147 61.8
148 49.1333
149 57.1333
150 56.1333
151 63.4
152 70.8
153 67.4667
154 78.5333
155 53.0667
156 60.5333
157 61.2
158 59.1333
159 62.6
160 65.2667
161 51.1333
162 40.0667
163 47.8
164 66
165 49.8667
166 38.2667
167 60.6667
168 46.6667
169 45.2667
170 51.4
171 44.8
172 38.2667
173 56.4
174 45.4
175 43.7333
176 51.8667
177 36.0667
178 44.6667
179 39.6667
180 59.4667
181 59.7333
182 38
183 32.8
184 45.3333
185 50.2
186 35.0667
187 56.8667
188 47.3333
189 39.7333
190 50.4
191 37.1333
192 45.2
193 35.4
194 43.0667
195 58.6
196 34.8
197 41.0667
198 35.3333
199 38
200 44
201 32.2
202 36.1333
203 31.2
204 36
205 41.4
206 30.8
207 37.7333
208 37.2
209 36.4667
210 27.0667
211 46.1333
212 38.6667
213 34.2667
214 42.4667
215 46.6
216 32.2667
217 32.8
218 31.4667
219 35.6
220 25.1333
221 37.8667
222 31.2667
223 39.0667
224 34.6667
225 39.4667
226 38.5333
227 31.6
228 35.0667
229 36.2
230 33.0667
231 33.4
232 37
233 22.3333
234 32.4
235 40.2667
236 34.9333
237 19.6667
238 50.1333
239 45.2667
240 26.2667
241 37.3333
242 31.1333
243 33.8667
244 37
245 40.8
246 34.3333
247 30.0667
248 32.1333
249 34.8
250 37.8
251 25.8667
252 33.2
253 33.9333
254 31.9333
255 35.2
256 42.2667
257 27.0667
258 35.5333
259 34.6
260 42.6
261 40.8667
262 34.6
263 29.0667
264 30.4667
265 42.8667
266 29.8667
267 26.4
268 47
269 31.7333
270 29.2
271 29.7333
272 38.4
273 35.4667
274 28.9333
275 29.5333
276 32.6
277 42
278 36.9333
279 36.4667
280 42.1333
281 39.5333
282 33.5333
283 35.2667
284 31.2
285 35.2
286 37.1333
287 43.1333
288 35.9333
289 23.4667
290 25.1333
291 27.5333
292 33.7333
293 42
294 37.6667
295 34.4667
296 30.2667
297 33.2667
298 24.6
299 30.7333
300 38.6667
301 34.5333
302 22.4667
303 35.2667
304 16.1333
305 22.2667
306 18.2667
307 24.4
308 29.1333
309 23.9333
310 18.4
311 12.8667
312 23.6667
313 17.5333
314 13.4
315 17.1333
316 11
317 9.86667
318 11.2667
319 8.26667
320 8.4
321 19.5333
322 9.13333
323 11.2667
324 8.93333
325 11.4
326 7
327 7.53333
328 8
329 1.73333
330 5.06667
331 4.86667
332 7.66667
333 3.4
334 5
335 13.1333
336 6.53333
337 1.53333
338 5.46667
339 7.4
340 3.93333
341 8.8
342 5.6
343 6
344 5.8
345 1.8
346 4.66667
347 7.53333
348 5.66667
349 6
350 4.73333
351 0.0666667
352 4.53333
353 1.66667
354 3.73333
355 7.06667
356 0.466667
357 3.66667
358 0
359 2
360 0
361 7.53333
362 2.86667
363 6.4
364 1.53333
365 5.8
366 8.26667
367 3.8
368 0.333333
369 3.33333
370 2.66667
371 2.53333
372 5.06667
373 3.66667
374 1.33333
375 1.8
376 3.4
377 5.93333
378 2.53333
379 0
380 2.93333
381 5.53333
382 3.4
383 3.93333
384 6.66667
385 0.4
386 0.933333
387 1.26667
388 4.53333
389 3.46667
390 3.53333
391 2
392 0.666667
393 2.93333
394 3
395 1.73333
396 1.13333
397 2.4
398 3
399 5.53333
400 3
401 7.4
402 1.53333
403 2.6
404 6.53333
405 10.9333
406 8.93333
407 15.2
408 11.9333
409 18.8
410 13.0667
411 19.4
412 32.4667
413 25.5333
414 27.0667
415 51.4667
416 38.9333
417 62.8
418 73.0667
419 77.5333
420 93.5333
421 86.6667
422 93.9333
423 113.2
424 100.067
425 117.867
426 127.933
427 163.333
428 185.4
429 158.933
430 199.8
431 198.467
432 219.6
433 192.267
434 209.2
435 202.933
436 223.733
437 240.067
438 215.933
439 222.067
440 213.133
441 191.2
442 217.2
443 198.933
444 177.267
445 152.333
446 162.533
447 157.8
448 140.4
449 134.6
450 119.933
451 86.9333
452 103.067
453 86.0667
454 73.2
455 63.0667
456 44.3333
457 61.8667
458 36.4667
459 32.6667
460 15.6
461 17.6667
462 23.9333
463 14.3333
464 11.6667
465 5.2
466 5.33333
467 7.06667
468 5.46667
469 3.33333
470 1.66667
471 2.46667
472 3.73333
473 1.8
474 0
475 2.53333
476 0
477 0
478 0
479 0.6
480 0
481 1.6
482 0
483 0.0666667
484 0
485 1.6
486 0
487 1.2
488 0.0666667
489 0.6
490 0
491 1.6
492 0
493 0
494 0.333333
495 0
496 0.2
497 2.33333
498 0
499 0
500 0
501 1.33333
502 0
503 0.6
504 0
505 0.2
506 0
507 0
508 0
509 0.0666667
510 0
511 0
512 0.0666667
513 1.86667
514 0.466667
515 0.466667
516 0
517 0
518 0
519 1.33333
520 0.333333
521 0.2
522 0.333333
523 0
524 2.33333
525 0.466667
526 0
527 0
528 0
529 0
530 0
531 0
532 0.6
533 0
534 0
535 0
536 1.53333
537 0
538 0
539 0.466667
540 0
541 0
542 0
543 2.46667
544 0
545 0
546 0
547 0
548 0
549 0
550 0
551 1.73333
552 0.2
553 0
554 0.733333
555 0
556 0
557 0.466667
558 0
559 0
560 0
561 0
562 0
563 0
564 0
565 0.733333
566 0
567 0.466667
568 1
569 0.333333
570 0
571 0
572 0
573 0
574 0
575 0
576 0
577 0
578 0
579 0.2
580 0
581 0
582 0.0666667
583 0
584 0.733333
585 0.733333
586 0
587 0.466667
588 1.6
589 1.86667
590 0
591 0.0666667
592 0
593 0
594 0
595 0.333333
596 0
597 0
598 0.2
599 0
600 1.2
601 0
602 0
603 0
604 0.866667
605 0
606 0
607 0
608 1.33333
609 0
610 0
611 0.333333
612 0.333333
613 0.466667
614 1.2
615 0
616 1.46667
617 0
618 0
619 0
620 0.2
621 0
622 0.8
623 0
624 0
625 0.333333
626 3.46667
627 0.933333
628 0
629 0
630 0
631 1.2
632 0
633 0
634 0
635 0.2
636 0
637 0
638 0
639 0
640 0.733333
641 1.46667
642 0.466667
643 0
644 0
645 0.6
646 0.466667
647 0
648 0.6
649 0.6
650 0
651 0
652 0.333333
653 0.466667
654 0
655 0.6
656 0.0666667
657 0
658 0
659 0.866667
660 0.733333
661 0
662 0
663 0
664 0.2
665 0.333333
666 0
667 0
668 0
669 0.866667
670 0
671 0
672 0
673 0
674 0
675 1.33333
676 0
677 0
678 0
679 0
680 0.6
681 0
682 0.6
683 0
684 0
685 0
686 0
687 0
688 0
689 0
690 0
691 0
692 0.333333
693 0
694 1.2
695 0
696 0.6
697 0.333333
698 0.733333
699 0
700 0.6
701 0
702 0
703 0.733333
704 0.733333
705 0.6
706 0.6
707 0
708 0
709 0
710 0
711 0
712 0.333333
713 0
714 0.2
715 0
716 2
717 1.46667
718 0
719 1.73333
720 0.2
721 0.866667
722 0.2
723 0.333333
724 0.0666667
725 2.73333
726 0
727 0
728 0
729 0.2
730 1.73333
731 0
732 0.733333
733 0
734 0
735 0.733333
736 0
737 0.466667
738 0.6
739 0
740 0.6
741 0.466667
742 0
743 0
744 0
745 0.733333
746 0
747 0
748 0
749 0.2
750 0
751 0
752 0
753 0
754 0
755 1.86667
756 0
757 0
758 0
759 0.866667
760 0.6
761 0
762 0.6
763 0.466667
764 0
765 0
766 0
767 0
768 0.333333
769 0
770 0
771 0
772 0.333333
773 0
774 0
775 0
776 0
777 0
778 0.6
779 0.6
780 0
781 0
782 1
783 0
784 0
785 1.73333
786 0
787 0
788 0.466667
789 0.866667
790 0.866667
791 0.6
792 0.866667
793 0
794 0
795 0
796 0.6
797 0
798 0
799 1.86667
800 0
801 0
802 0
803 0.6
804 0
805 1
806 1
807 0
808 0
809 0
810 0.733333
811 0
812 1.33333
813 0.866667
814 0
815 0.6
816 0
817 0
818 0
819 0
820 0
821 0
822 0
823 0
824 0.733333
825 0
826 0
827 0.866667
828 0
829 0
830 0.733333
831 0
832 1
833 0.733333
834 0.466667
835 0
836 0
837 0
838 0.333333
839 0
840 0
841 0
842 0
843 1
844 0
845 0
846 0
847 0
848 0
849 0
850 0
851 0
852 0
853 0.866667
854 0
855 0
856 0
857 0
858 0
859 0
860 0
861 0
862 0
863 0
864 0
865 0
866 0
867 1
868 0
869 0
870 0
871 0.466667
872 0.733333
873 0
874 0
875 0
876 0
877 0
878 1
879 0.866667
880 0
881 0
882 0
883 0
884 0
885 0
886 0
887 0
888 0
889 0
890 0
891 0.733333
892 0
893 0
894 0
895 0
896 0
897 0
898 0
899 0
900 0
901 1
902 0
903 0
904 0
905 0
906 0.866667
907 0
908 0.866667
909 1
910 0
911 0
912 0
913 0
914 0
915 0
916 0
917 0
918 0
919 0
920 0
921 0
922 0
923 0
924 0
925 0
926 0.333333
927 1.2
928 0
929 0.466667
930 0
931 0
932 0
933 0.333333
934 0.466667
935 1.6
936 0
937 0.2
938 0
939 1.6
940 0
941 0.6
942 0
943 0.933333
944 1.46667
945 0
946 0
947 0
948 0
949 0
950 0
951 2.2
952 0.333333
953 1.46667
954 1.46667
955 3.6
956 0
957 0
958 1.33333
959 1.2
960 0
961 0
962 1.6
963 0.0666667
964 0
965 0
966 0
967 1.33333
968 0
969 0
970 0
971 0.2
972 0
973 1.73333
974 0.333333
975 0
976 0.6
977 0
978 0
979 0.866667
980 0.466667
981 0
982 0
983 0.866667
984 0
985 0
986 0
987 0
988 0
989 0
990 0
991 0
992 0
993 0
994 0
995 0
996 0
997 0.866667
998 0
999 0
1000 0
1001 0
1002 0
1003 0.866667
1004 0
1005 0
1006 0
1007 0
1008 0
1009 0
1010 0
1011 0
1012 0
1013 0
1014 0.866667
1015 0
1016 0
1017 0
1018 1
1019 0
1020 0
1021 0
1022 0
1023 0