   0    0
   1    0
   2    0
   3    0
   4    0
   5    3
   6  156
   7 4057
   8 6973
   9 9128
  10 8813
  11 7061
  12 6844
  13 6206
  14 5965
  15 8243
  16 4171
  17 2490
  18 2243
  19 1367
  20 1219
  21 1151
  22 1174
  23 1144
  24 1135
  25 1192
  26 1309
  27 1413
  28 1739
  29 2274
  30 2746
  31 3094
  32 3463
  33 3834
  34 3951
  35 4260
  36 4201
  37 4189
  38 4138
  39 4124
  40 3936
  41 3783
  42 3781
  43 3538
  44 3467
  45 3298
  46 3138
  47 3003
  48 2883
  49 2869
  50 2663
  51 2631
  52 2465
  53 2538
  54 2273
  55 2337
  56 2222
  57 2156
  58 2091
  59 2043
  60 1961
  61 1997
  62 1948
  63 1938
  64 1753
  65 1789
  66 1728
  67 1738
  68 1653
  69 1635
  70 1562
  71 1606
  72 1626
  73 1514
  74 1568
  75 1580
  76 1572
  77 1491
  78 1461
  79 1543
  80 1542
  81 1513
  82 1490
  83 1485
  84 1439
  85 1367
  86 1228
  87 1273
  88 1238
  89 1244
  90 1163
  91 1152
  92 1170
  93 1205
  94 1152
  95 1223
  96 1198
  97 1229
  98 1134
  99 1149
 100 1224
 101 1350
 102 2391
 103 7072
 104 6187
 105 1631
 106 1008
 107  998
 108  893
 109  927
 110  883
 111  894
 112  901
 113  801
 114  825
 115  839
 116  822
 117  891
 118 1198
 119 2126
 120 1648
 121 1053
 122 1180
 123  936
 124  741
 125  686
 126  721
 127  705
 128  653
 129  688
 130  679
 131  700
 132  634
 133  675
 134  658
 135  675
 136  667
 137  667
 138  560
 139  628
 140  625
 141  621
 142  566
 143  565
 144  602
 145  579
 146  565
 147  621
 148  567
 149  581
 150  549
 151  550
 152  558
 153  509
 154  503
 155  492
 156  481
 157  490
 158  455
 159  524
 160  492
 161  463
 162  459
 163  470
 164  428
 165  449
 166  448
 167  452
 168  438
 169  428
 170  413
 171  428
 172  428
 173  393
 174  393
 175  400
 176  366
 177  397
 178  356
 179  365
 180  366
 181  391
 182  314
 183  352
 184  339
 185  340
 186  347
 187  334
 188  339
 189  304
 190  338
 191  293
 192  305
 193  269
 194  318
 195  282
 196  274
 197  301
 198  263
 199  261
 200  275
 201  264
 202  265
 203  268
 204  251
 205  255
 206  223
 207  256
 208  249
 209  364
 210 1590
 211 2590
 212  638
 213  127
 214   98
 215   75
 216   63
 217   70
 218   40
 219   49
 220   49
 221   44
 222   53
 223   61
 224   37
 225   91
 226  365
 227  365
 228   98
 229  120
 230   84
 231   12
 232    6
 233    4
 234    3
 235    4
 236    3
 237    3
 238    2
 239    2
 240    1
 241    0
 242    1
 243    1
 244    2
 245    1
 246    2
 247    3
 248    2
 249    0
 250    4
 251    3
 252    3
 253    2
 254    1
 255    2
 256    0
 257    0
 258    0
 259    4
 260    1
 261    0
 262    2
 263    0
 264    0
 265    1
 266    0
 267    1
 268    0
 269    1
 270    1
 271    2
 272    1
 273    1
 274    0
 275    1
 276    0
 277    0
 278    1
 279    1
 280    1
 281    2
 282    0
 283    1
 284    1
 285    1
 286    1
 287    1
 288    1
 289    0
 290    0
 291    1
 292    0
 293    0
 294    0
 295    2
 296    1
 297    1
 298    0
 299    1
 300    0
 301    0
 302    1
 303    2
 304    1
 305    0
 306    0
 307    0
 308    1
 309    0
 310    0
 311    2
 312    0
 313    0
 314    0
 315    2
 316    1
 317    0
 318    0
 319    0
 320    0
 321    0
 322    0
 323    0
 324    0
 325    0
 326    1
 327    0
 328    0
 329    0
 330    0
 331    0
 332    0
 333    0
 334    0
 335    0
 336    0
 337    0
 338    0
 339    0
 340    0
 341    0
 342    0
 343    0
 344    0
 345    0
 346    0
 347    0
 348    0
 349    0
 350    1
 351    0
 352    0
 353    0
 354    0
 355    0
 356    0
 357    0
 358    0
 359    0
 360    0
 361    0
 362    0
 363    0
 364    1
 365    0
 366    0
 367    0
 368    0
 369    0
 370    0
 371    0
 372    0
 373    0
 374    0
 375    1
 376    0
 377    0
 378    0
 379    0
 380    0
 381    0
 382    0
 383    0
 384    0
 385    0
 386    0
 387    0
 388    0
 389    0
 390    0
 391    0
 392    0
 393    0
 394    0
 395    0
 396    0
 397    0
 398    0
 399    0
 400    0
 401    0
 402    0
 403    0
 404    0
 405    0
 406    0
 407    0
 408    0
 409    0
 410    0
 411    0
 412    0
 413    0
 414    0
 415    0
 416    0
 417    0
 418    0
 419    0
 420    0
 421    0
 422    0
 423    0
 424    0
 425    0
 426    0
 427    0
 428    0
 429    0
 430    0
 431    0
 432    0
 433    0
 434    0
 435    0
 436    0
 437    0
 438    0
 439    0
 440    0
 441    0
 442    0
 443    0
 444    0
 445    0
 446    0
 447    0
 448    0
 449    0
 450    0
 451    0
 452    0
 453    0
 454    0
 455    0
 456    0
 457    0
 458    0
 459    0
 460    0
 461    0
 462    0
 463    0
 464    0
 465    0
 466    0
 467    0
 468    0
 469    0
 470    0
 471    0
 472    0
 473    0
 474    0
 475    0
 476    0
 477    0
 478    0
 479    0
 480    0
 481    0
 482    0
 483    0
 484    0
 485    0
 486    0
 487    0
 488    0
 489    0
 490    0
 491    0
 492    0
 493    0
 494    0
 495    0
 496    0
 497    0
 498    0
 499    0
 500    0
 501    0
 502    0
 503    0
 504    0
 505    0
 506    0
 507    0
 508    0
 509    0
 510    0
 511    0
 512    0
 513    0
 514    0
 515    0
 516    0
 517    0
 518    0
 519    0
 520    0
 521    0
 522    0
 523    0
 524    0
 525    0
 526    0
 527    0
 528    0
 529    0
 530    0
 531    0
 532    0
 533    0
 534    0
 535    0
 536    0
 537    0
 538    0
 539    0
 540    0
 541    0
 542    0
 543    0
 544    0
 545    0
 546    0
 547    0
 548    0
 549    0
 550    0
 551    0
 552    0
 553    0
 554    0
 555    0
 556    0
 557    0
 558    0
 559    0
 560    0
 561    0
 562    0
 563    0
 564    0
 565    0
 566    0
 567    0
 568    0
 569    0
 570    0
 571    0
 572    0
 573    0
 574    0
 575    0
 576    0
 577    0
 578    0
 579    0
 580    0
 581    0
 582    0
 583    0
 584    0
 585    0
 586    0
 587    0
 588    0
 589    0
 590    0
 591    0
 592    0
 593    0
 594    0
 595    0
 596    0
 597    0
 598    0
 599    0
 600    0
 601    0
 602    0
 603    0
 604    0
 605    0
 606    0
 607    0
 608    0
 609    0
 610    0
 611    0
 612    0
 613    0
 614    0
 615    0
 616    0
 617    0
 618    0
 619    0
 620    0
 621    0
 622    0
 623    0
 624    0
 625    0
 626    0
 627    0
 628    0
 629    0
 630    0
 631    0
 632    0
 633    0
 634    0
 635    0
 636    0
 637    0
 638    0
 639    0
 640    0
 641    0
 642    0
 643    0
 644    0
 645    0
 646    0
 647    0
 648    0
 649    0
 650    0
 651    0
 652    0
 653    0
 654    0
 655    0
 656    0
 657    0
 658    0
 659    0
 660    0
 661    0
 662    0
 663    0
 664    0
 665    0
 666    0
 667    0
 668    0
 669    0
 670    0
 671    0
 672    0
 673    0
 674    0
 675    0
 676    0
 677    0
 678    0
 679    0
 680    0
 681    0
 682    0
 683    0
 684    0
 685    0
 686    0
 687    0
 688    0
 689    0
 690    0
 691    0
 692    0
 693    0
 694    0
 695    0
 696    0
 697    0
 698    0
 699    0
 700    0
 701    0
 702    0
 703    0
 704    0
 705    0
 706    0
 707    0
 708    0
 709    0
 710    0
 711    0
 712    0
 713    0
 714    0
 715    0
 716    0
 717    0
 718    0
 719    0
 720    0
 721    0
 722    0
 723    0
 724    0
 725    0
 726    0
 727    0
 728    0
 729    0
 730    0
 731    0
 732    0
 733    0
 734    0
 735    0
 736    0
 737    0
 738    0
 739    0
 740    0
 741    0
 742    0
 743    0
 744    0
 745    0
 746    0
 747    0
 748    0
 749    0
 750    0
 751    0
 752    0
 753    0
 754    0
 755    0
 756    0
 757    0
 758    0
 759    0
 760    0
 761    0
 762    0
 763    0
 764    0
 765    0
 766    0
 767    0
 768    0
 769    0
 770    0
 771    0
 772    0
 773    0
 774    0
 775    0
 776    0
 777    0
 778    0
 779    0
 780    0
 781    0
 782    0
 783    0
 784    0
 785    0
 786    0
 787    0
 788    0
 789    0
 790    0
 791    0
 792    0
 793    0
 794    0
 795    0
 796    0
 797    0
 798    0
 799    0
 800    0
 801    0
 802    0
 803    0
 804    0
 805    0
 806    0
 807    0
 808    0
 809    0
 810    0
 811    0
 812    0
 813    0
 814    0
 815    0
 816    0
 817    0
 818    0
 819    0
 820    0
 821    0
 822    0
 823    0
 824    0
 825    0
 826    0
 827    0
 828    0
 829    0
 830    0
 831    0
 832    0
 833    0
 834    0
 835    0
 836    0
 837    0
 838    0
 839    0
 840    0
 841    0
 842    0
 843    0
 844    0
 845    0
 846    0
 847    0
 848    0
 849    0
 850    0
 851    0
 852    0
 853    0
 854    0
 855    0
 856    0
 857    0
 858    0
 859    0
 860    0
 861    0
 862    0
 863    0
 864    0
 865    0
 866    0
 867    0
 868    0
 869    0
 870    0
 871    0
 872    0
 873    0
 874    0
 875    0
 876    0
 877    0
 878    0
 879    0
 880    0
 881    0
 882    0
 883    0
 884    0
 885    0
 886    0
 887    0
 888    0
 889    0
 890    0
 891    0
 892    0
 893    0
 894    0
 895    0
 896    0
 897    0
 898    0
 899    0
 900    0
 901    0
 902    0
 903    0
 904    0
 905    0
 906    0
 907    0
 908    0
 909    0
 910    0
 911    0
 912    0
 913    0
 914    0
 915    0
 916    0
 917    0
 918    0
 919    0
 920    0
 921    0
 922    0
 923    0
 924    0
 925    0
 926    0
 927    0
 928    0
 929    0
 930    0
 931    0
 932    0
 933    0
 934    0
 935    0
 936    0
 937    0
 938    0
 939    0
 940    0
 941    0
 942    0
 943    0
 944    0
 945    0
 946    0
 947    0
 948    0
 949    0
 950    0
 951    0
 952    0
 953    0
 954    0
 955    0
 956    0
 957    0
 958    0
 959    0
 960    0
 961    0
 962    0
 963    0
 964    0
 965    0
 966    0
 967    0
 968    0
 969    0
 970    0
 971    0
 972    0
 973    0
 974    0
 975    0
 976    0
 977    0
 978    0
 979    0
 980    0
 981    0
 982    0
 983    0
 984    0
 985    0
 986    0
 987    0
 988    0
 989    0
 990    0
 991    0
 992    0
 993    0
 994    0
 995    0
 996    0
 997    0
 998    0
 999    0
1000    0
1001    0
1002    0
1003    0
1004    0
1005    0
1006    0
1007    0
1008    0
1009    0
1010    0
1011    0
1012    0
1013    0
1014    0
1015    0
1016    0
1017    0
1018    0
1019    0
1020    0
1021    0
1022    0
1023    0