   0    0
   1    0
   2    0
   3    0
   4    0
   5    0
   6    0
   7    0
   8   42
   9  110
  10  130
  11  153
  12  181
  13  175
  14  214
  15  237
  16  268
  17  363
  18  636
  19 1280
  20 1930
  21 1787
  22 1079
  23  717
  24  484
  25  385
  26  258
  27  191
  28  180
  29  205
  30  205
  31  216
  32  202
  33  214
  34  206
  35  223
  36  248
  37  243
  38  270
  39  265
  40  295
  41  299
  42  299
  43  314
  44  344
  45  344
  46  321
  47  302
  48  336
  49  308
  50  350
  51  307
  52  365
  53  394
  54  356
  55  374
  56  376
  57  392
  58  323
  59  337
  60  369
  61  380
  62  333
  63  318
  64  340
  65  352
  66  343
  67  339
  68  322
  69  342
  70  319
  71  353
  72  352
  73  336
  74  323
  75  338
  76  301
  77  312
  78  317
  79  308
  80  311
  81  356
  82  319
  83  313
  84  300
  85  299
  86  300
  87  311
  88  308
  89  258
  90  283
  91  284
  92  271
  93  281
  94  300
  95  267
  96  291
  97  250
  98  290
  99  265
 100  263
 101  284
 102  284
 103  249
 104  278
 105  253
 106  256
 107  262
 108  253
 109  262
 110  256
 111  245
 112  251
 113  253
 114  230
 115  252
 116  285
 117  247
 118  220
 119  293
 120  270
 121  264
 122  296
 123  316
 124  265
 125  298
 126  310
 127  291
 128  324
 129  266
 130  282
 131  262
 132  279
 133  291
 134  241
 135  248
 136  266
 137  239
 138  265
 139  234
 140  254
 141  247
 142  203
 143  226
 144  236
 145  239
 146  235
 147  213
 148  231
 149  214
 150  228
 151  184
 152  239
 153  197
 154  217
 155  202
 156  224
 157  217
 158  180
 159  199
 160  174
 161  195
 162  181
 163  179
 164  165
 165  179
 166  171
 167  184
 168  178
 169  150
 170  162
 171  154
 172  173
 173  147
 174  131
 175  156
 176  158
 177  158
 178  126
 179  159
 180  143
 181  161
 182  155
 183  154
 184  155
 185  146
 186  141
 187  146
 188  156
 189  166
 190  144
 191  125
 192  142
 193  148
 194  125
 195  145
 196  142
 197  142
 198  137
 199  143
 200  131
 201  139
 202  139
 203  136
 204  144
 205  136
 206  125
 207  139
 208  107
 209  130
 210  113
 211  128
 212  142
 213  114
 214  149
 215  118
 216  132
 217  126
 218  133
 219  115
 220  126
 221  131
 222  132
 223  126
 224  141
 225  112
 226  120
 227  135
 228  154
 229  148
 230  105
 231  144
 232  113
 233  124
 234  141
 235  137
 236  118
 237  109
 238  119
 239  120
 240   97
 241  126
 242  115
 243  114
 244  118
 245  106
 246  117
 247  117
 248  126
 249  129
 250  119
 251  123
 252  123
 253  129
 254  118
 255  115
 256  113
 257  107
 258  126
 259  118
 260  108
 261  124
 262  131
 263  129
 264  130
 265  115
 266  119
 267  160
 268  122
 269  137
 270  131
 271  128
 272  124
 273  136
 274  131
 275  117
 276   91
 277  158
 278  128
 279  118
 280  117
 281  129
 282  150
 283  111
 284   97
 285  130
 286  132
 287  131
 288  122
 289  130
 290  122
 291  125
 292  122
 293  108
 294   96
 295   99
 296  107
 297  108
 298  114
 299   91
 300   92
 301  104
 302   75
 303   67
 304   79
 305   58
 306   68
 307   69
 308   56
 309   65
 310   58
 311   65
 312   67
 313   58
 314   42
 315   43
 316   39
 317   43
 318   46
 319   25
 320   40
 321   47
 322   36
 323   47
 324   38
 325   27
 326   33
 327   34
 328   28
 329   35
 330   24
 331   36
 332   30
 333   37
 334   34
 335   28
 336   37
 337   24
 338   16
 339   20
 340   26
 341   25
 342   14
 343   26
 344   20
 345   13
 346   19
 347   25
 348   19
 349   23
 350   26
 351   21
 352   22
 353   18
 354   15
 355   18
 356   17
 357   23
 358   14
 359   26
 360   12
 361   23
 362   16
 363   19
 364   10
 365   15
 366   21
 367   18
 368   16
 369   18
 370   17
 371   26
 372   15
 373   26
 374   16
 375   15
 376   16
 377   15
 378   14
 379   13
 380    9
 381   14
 382   14
 383   17
 384   27
 385   19
 386   24
 387   29
 388    9
 389   24
 390   25
 391   18
 392   22
 393   29
 394   31
 395   31
 396   32
 397   37
 398   41
 399   37
 400   44
 401   62
 402   76
 403   92
 404   95
 405  118
 406  105
 407  148
 408  151
 409  222
 410  203
 411  249
 412  282
 413  311
 414  286
 415  378
 416  424
 417  407
 418  469
 419  548
 420  556
 421  583
 422  585
 423  655
 424  645
 425  658
 426  677
 427  671
 428  688
 429  659
 430  668
 431  687
 432  582
 433  652
 434  541
 435  529
 436  453
 437  486
 438  406
 439  415
 440  338
 441  306
 442  299
 443  268
 444  226
 445  201
 446  157
 447  169
 448  118
 449  102
 450   90
 451   65
 452   58
 453   34
 454   42
 455   38
 456   20
 457   21
 458   26
 459   12
 460   10
 461    9
 462    6
 463    8
 464   10
 465    5
 466    9
 467    8
 468    4
 469    5
 470    7
 471    3
 472    8
 473    6
 474    8
 475    1
 476    2
 477    4
 478    5
 479    7
 480    7
 481    8
 482    2
 483    5
 484    5
 485   10
 486    6
 487    8
 488   13
 489    3
 490    9
 491   11
 492    3
 493    7
 494   11
 495    4
 496    8
 497    7
 498    5
 499    9
 500    7
 501    5
 502    2
 503    3
 504    6
 505    3
 506   12
 507    3
 508    4
 509    6
 510    5
 511    8
 512    4
 513    7
 514    5
 515    2
 516    7
 517    5
 518    3
 519    7
 520    5
 521    5
 522    4
 523    8
 524    4
 525    4
 526    2
 527    2
 528    6
 529    5
 530    4
 531    4
 532    4
 533    2
 534    5
 535   10
 536    4
 537    4
 538    4
 539    5
 540    4
 541    6
 542    0
 543    7
 544    2
 545    3
 546    6
 547    3
 548    3
 549    5
 550    4
 551    4
 552    2
 553    4
 554    3
 555    6
 556    5
 557    7
 558    7
 559    1
 560    7
 561    3
 562    5
 563    4
 564    1
 565    3
 566    3
 567    3
 568    4
 569    5
 570    5
 571    3
 572    2
 573    5
 574    7
 575    6
 576    6
 577    3
 578    6
 579    4
 580    5
 581    2
 582    2
 583    6
 584    4
 585    9
 586    9
 587    4
 588    6
 589    6
 590    2
 591    5
 592    6
 593    8
 594    5
 595    8
 596    2
 597    5
 598    5
 599    3
 600    6
 601    5
 602    3
 603    5
 604    6
 605    6
 606    7
 607    6
 608    4
 609    4
 610    5
 611    0
 612    6
 613    6
 614    7
 615    4
 616    7
 617    4
 618    9
 619    4
 620    5
 621    1
 622    4
 623    6
 624    3
 625    4
 626    3
 627    4
 628    5
 629    5
 630    3
 631    3
 632    6
 633    6
 634    4
 635    5
 636    4
 637    4
 638    5
 639    5
 640    0
 641    2
 642    1
 643    2
 644    1
 645    3
 646    3
 647    2
 648    6
 649    2
 650    4
 651    4
 652    5
 653    3
 654    2
 655    5
 656    3
 657    5
 658    5
 659    1
 660    5
 661    3
 662    4
 663    5
 664    4
 665    1
 666    3
 667    1
 668    0
 669    7
 670    4
 671    5
 672    0
 673    7
 674    1
 675    3
 676    3
 677    0
 678    2
 679    3
 680    9
 681    5
 682    8
 683    2
 684    3
 685    3
 686    5
 687    3
 688    5
 689    1
 690    3
 691    4
 692    3
 693    3
 694    3
 695    9
 696    4
 697    7
 698    3
 699    5
 700    2
 701    4
 702    0
 703    4
 704    6
 705    2
 706    5
 707    5
 708    2
 709    4
 710    6
 711    2
 712    7
 713    7
 714    5
 715    2
 716    1
 717    0
 718    3
 719    1
 720    2
 721    1
 722    4
 723    5
 724    4
 725    3
 726    5
 727    1
 728    2
 729    4
 730    3
 731    4
 732    4
 733    3
 734    4
 735    7
 736    3
 737    1
 738    8
 739    1
 740    3
 741    6
 742    2
 743    6
 744    4
 745    4
 746    1
 747    5
 748    3
 749    2
 750    5
 751    2
 752    2
 753    4
 754    4
 755    2
 756    1
 757    4
 758    5
 759    4
 760    3
 761    4
 762    4
 763    3
 764    2
 765    4
 766    4
 767    0
 768    3
 769    7
 770    4
 771    4
 772    4
 773    3
 774    1
 775    2
 776    4
 777    2
 778    2
 779    3
 780    3
 781    2
 782    0
 783    6
 784    2
 785    3
 786    2
 787    2
 788    2
 789    6
 790    4
 791    1
 792    1
 793    1
 794    2
 795    1
 796    2
 797    5
 798    1
 799    1
 800    3
 801    1
 802    1
 803    2
 804    2
 805    3
 806    1
 807    3
 808    2
 809    1
 810    3
 811    3
 812    5
 813    0
 814    1
 815    2
 816    3
 817    1
 818    1
 819    2
 820    1
 821    0
 822    1
 823    1
 824    1
 825    1
 826    3
 827    1
 828    0
 829    1
 830    3
 831    3
 832    1
 833    2
 834    5
 835    0
 836    3
 837    1
 838    0
 839    0
 840    1
 841    2
 842    2
 843    0
 844    1
 845    1
 846    0
 847    0
 848    1
 849    0
 850    1
 851    0
 852    1
 853    4
 854    0
 855    2
 856    2
 857    1
 858    1
 859    0
 860    2
 861    1
 862    1
 863    2
 864    0
 865    3
 866    1
 867    0
 868    0
 869    3
 870    2
 871    1
 872    0
 873    0
 874    0
 875    1
 876    0
 877    3
 878    0
 879    1
 880    2
 881    0
 882    0
 883    1
 884    2
 885    1
 886    0
 887    3
 888    4
 889    3
 890    1
 891    2
 892    1
 893    2
 894    0
 895    1
 896    1
 897    2
 898    2
 899    3
 900    9
 901    2
 902    1
 903    1
 904    2
 905    3
 906    2
 907    3
 908    3
 909    5
 910    6
 911    0
 912    0
 913    2
 914    7
 915    4
 916    7
 917    5
 918    7
 919    1
 920    4
 921    3
 922    3
 923    7
 924    3
 925    6
 926    9
 927    7
 928   10
 929    4
 930    6
 931    4
 932    9
 933    7
 934    6
 935    3
 936    4
 937   12
 938    8
 939   10
 940    9
 941    6
 942    6
 943    6
 944    5
 945    6
 946    4
 947    4
 948    4
 949    2
 950    3
 951    3
 952    3
 953    3
 954    6
 955    1
 956    1
 957    3
 958    5
 959    2
 960    4
 961    3
 962    2
 963    0
 964    3
 965    1
 966    2
 967    3
 968    0
 969    1
 970    1
 971    1
 972    0
 973    3
 974    1
 975    0
 976    1
 977    2
 978    0
 979    0
 980    1
 981    1
 982    0
 983    1
 984    0
 985    0
 986    0
 987    0
 988    0
 989    0
 990    0
 991    0
 992    2
 993    0
 994    0
 995    1
 996    2
 997    0
 998    0
 999    5
1000    1
1001    2
1002    0
1003    2
1004    1
1005    2
1006    1
1007    0
1008    0
1009    0
1010    1
1011    0
1012    0
1013    0
1014    0
1015    1
1016    0
1017    1
1018    0
1019    1
1020    2
1021    0
1022    0
1023    0
