0 0
1 0
2 0
3 0
4 0
5 0
6 0
7 1
8 14
9 52
10 62
11 64
12 77
13 104
14 66
15 54
16 72
17 58
18 79
19 59
20 79
21 64
22 83
23 19
24 63
25 51
26 94
27 51
28 65
29 68
30 55
31 69
32 49
33 64
34 25
35 85
36 82
37 83
38 58
39 45
40 40
41 91
42 74
43 57
44 52
45 64
46 78
47 47
48 53
49 34
50 54
51 112
52 86
53 81
54 68
55 80
56 62
57 54
58 46
59 63
60 45
61 75
62 85
63 103
64 69
65 83
66 37
67 88
68 70
69 97
70 28
71 82
72 56
73 42
74 54
75 93
76 55
77 76
78 61
79 68
80 52
81 93
82 92
83 88
84 51
85 52
86 62
87 70
88 63
89 78
90 74
91 87
92 75
93 96
94 39
95 87
96 60
97 79
98 84
99 84
100 94
101 34
102 97
103 81
104 87
105 45
106 97
107 79
108 50
109 84
110 46
111 55
112 94
113 57
114 89
115 75
116 93
117 91
118 69
119 83
120 75
121 67
122 66
123 70
124 94
125 125
126 89
127 63
128 89
129 83
130 92
131 80
132 74
133 76
134 92
135 82
136 75
137 46
138 67
139 79
140 121
141 56
142 93
143 108
144 128
145 85
146 105
147 124
148 118
149 94
150 115
151 131
152 144
153 118
154 113
155 101
156 138
157 116
158 125
159 105
160 111
161 86
162 103
163 106
164 114
165 87
166 90
167 93
168 93
169 81
170 98
171 76
172 98
173 86
174 89
175 81
176 88
177 99
178 95
179 78
180 83
181 96
182 91
183 103
184 86
185 83
186 65
187 106
188 73
189 71
190 89
191 60
192 82
193 99
194 88
195 80
196 65
197 81
198 69
199 82
200 108
201 82
202 95
203 93
204 105
205 81
206 59
207 79
208 72
209 73
210 81
211 89
212 93
213 79
214 73
215 84
216 68
217 86
218 63
219 64
220 67
221 82
222 65
223 57
224 56
225 68
226 80
227 72
228 43
229 51
230 67
231 44
232 64
233 49
234 64
235 75
236 78
237 69
238 48
239 74
240 57
241 66
242 59
243 54
244 40
245 70
246 67
247 62
248 50
249 55
250 69
251 73
252 58
253 59
254 65
255 63
256 65
257 62
258 62
259 32
260 52
261 66
262 64
263 49
264 55
265 62
266 71
267 47
268 58
269 56
270 53
271 51
272 60
273 55
274 61
275 57
276 57
277 52
278 40
279 62
280 71
281 64
282 47
283 62
284 49
285 59
286 67
287 52
288 59
289 46
290 56
291 61
292 59
293 65
294 69
295 61
296 60
297 57
298 59
299 64
300 41
301 55
302 67
303 46
304 42
305 46
306 56
307 62
308 48
309 64
310 62
311 45
312 59
313 53
314 59
315 62
316 63
317 73
318 52
319 87
320 45
321 56
322 61
323 58
324 72
325 59
326 54
327 46
328 53
329 58
330 65
331 61
332 53
333 55
334 62
335 62
336 54
337 45
338 70
339 41
340 54
341 74
342 49
343 60
344 63
345 66
346 50
347 67
348 62
349 47
350 43
351 69
352 57
353 62
354 69
355 65
356 74
357 56
358 56
359 51
360 44
361 53
362 42
363 46
364 64
365 69
366 49
367 71
368 64
369 67
370 43
371 60
372 62
373 58
374 51
375 64
376 48
377 77
378 57
379 65
380 55
381 71
382 61
383 59
384 59
385 67
386 64
387 54
388 67
389 52
390 43
391 53
392 45
393 60
394 49
395 58
396 62
397 59
398 51
399 46
400 54
401 46
402 55
403 36
404 56
405 60
406 55
407 66
408 54
409 59
410 57
411 53
412 74
413 65
414 61
415 42
416 68
417 63
418 54
419 59
420 63
421 49
422 68
423 58
424 63
425 49
426 57
427 57
428 59
429 61
430 52
431 64
432 56
433 47
434 52
435 37
436 66
437 65
438 75
439 77
440 60
441 49
442 69
443 68
444 58
445 59
446 58
447 73
448 56
449 67
450 67
451 66
452 55
453 45
454 58
455 48
456 61
457 66
458 63
459 50
460 56
461 60
462 58
463 39
464 61
465 67
466 56
467 58
468 63
469 70
470 55
471 61
472 71
473 57
474 59
475 58
476 59
477 57
478 58
479 56
480 80
481 56
482 63
483 63
484 59
485 64
486 58
487 56
488 50
489 76
490 61
491 72
492 60
493 81
494 64
495 67
496 50
497 55
498 67
499 60
500 62
501 64
502 64
503 59
504 66
505 59
506 66
507 63
508 55
509 66
510 61
511 58
512 55
513 78
514 58
515 75
516 84
517 64
518 76
519 75
520 73
521 68
522 77
523 58
524 65
525 74
526 89
527 74
528 54
529 73
530 67
531 61
532 72
533 58
534 58
535 90
536 72
537 65
538 58
539 64
540 80
541 69
542 89
543 81
544 72
545 83
546 80
547 74
548 83
549 80
550 77
551 79
552 71
553 63
554 92
555 74
556 87
557 77
558 69
559 84
560 81
561 79
562 60
563 75
564 71
565 90
566 70
567 85
568 89
569 47
570 80
571 84
572 75
573 98
574 65
575 59
576 73
577 71
578 79
579 73
580 89
581 97
582 75
583 71
584 74
585 99
586 81
587 83
588 94
589 76
590 91
591 83
592 101
593 102
594 88
595 94
596 86
597 74
598 77
599 96
600 84
601 81
602 74
603 77
604 83
605 99
606 71
607 85
608 71
609 86
610 75
611 79
612 73
613 89
614 69
615 70
616 68
617 75
618 68
619 78
620 61
621 54
622 62
623 76
624 62
625 69
626 80
627 70
628 71
629 58
630 57
631 65
632 58
633 49
634 63
635 53
636 43
637 42
638 45
639 57
640 59
641 60
642 44
643 49
644 53
645 56
646 43
647 52
648 53
649 50
650 66
651 64
652 42
653 51
654 34
655 32
656 51
657 54
658 62
659 47
660 61
661 54
662 47
663 47
664 46
665 38
666 48
667 49
668 58
669 45
670 33
671 51
672 41
673 45
674 59
675 38
676 47
677 62
678 57
679 46
680 63
681 45
682 44
683 52
684 46
685 32
686 56
687 52
688 60
689 54
690 37
691 49
692 45
693 41
694 41
695 41
696 48
697 28
698 56
699 39
700 38
701 36
702 40
703 41
704 42
705 38
706 41
707 56
708 46
709 28
710 49
711 35
712 30
713 47
714 36
715 37
716 42
717 26
718 25
719 30
720 34
721 29
722 46
723 23
724 24
725 26
726 34
727 37
728 28
729 31
730 36
731 26
732 33
733 27
734 34
735 38
736 38
737 47
738 39
739 34
740 40
741 46
742 53
743 58
744 74
745 55
746 65
747 72
748 93
749 80
750 88
751 99
752 106
753 111
754 117
755 124
756 127
757 134
758 162
759 149
760 169
761 172
762 155
763 159
764 163
765 179
766 147
767 176
768 187
769 197
770 185
771 174
772 184
773 165
774 154
775 168
776 150
777 142
778 172
779 158
780 147
781 149
782 128
783 126
784 125
785 124
786 95
787 107
788 86
789 104
790 73
791 83
792 76
793 65
794 63
795 52
796 49
797 40
798 41
799 32
800 26
801 20
802 14
803 23
804 19
805 19
806 13
807 10
808 18
809 7
810 11
811 9
812 3
813 4
814 13
815 7
816 5
817 4
818 0
819 8
820 2
821 2
822 6
823 2
824 10
825 3
826 6
827 5
828 6
829 4
830 7
831 6
832 5
833 16
834 14
835 15
836 17
837 13
838 15
839 32
840 29
841 32
842 39
843 42
844 32
845 29
846 43
847 27
848 53
849 59
850 53
851 52
852 52
853 66
854 80
855 91
856 93
857 91
858 91
859 100
860 103
861 111
862 100
863 118
864 140
865 123
866 127
867 131
868 142
869 154
870 138
871 129
872 138
873 152
874 140
875 140
876 138
877 141
878 139
879 128
880 124
881 130
882 120
883 128
884 110
885 140
886 107
887 111
888 123
889 95
890 75
891 81
892 79
893 81
894 68
895 63
896 52
897 56
898 60
899 41
900 47
901 38
902 40
903 40
904 27
905 22
906 21
907 26
908 26
909 18
910 9
911 8
912 7
913 17
914 11
915 10
916 3
917 4
918 7
919 4
920 6
921 6
922 3
923 4
924 1
925 1
926 0
927 0
928 4
929 7
930 0
931 0
932 0
933 0
934 0
935 3
936 0
937 0
938 0
939 0
940 0
941 4
942 4
943 0
944 0
945 1
946 3
947 0
948 3
949 0
950 6
951 4
952 2
953 0
954 4
955 6
956 0
957 0
958 0
959 2
960 3
961 0
962 1
963 0
964 0
965 7
966 1
967 2
968 4
969 0
970 0
971 0
972 0
973 2
974 3
975 5
976 3
977 1
978 3
979 3
980 0
981 0
982 0
983 2
984 0
985 3
986 2
987 3
988 0
989 1
990 0
991 0
992 2
993 2
994 0
995 0
996 1
997 0
998 2
999 2
1000 0
1001 1
1002 0
1003 1
1004 0
1005 9
1006 0
1007 2
1008 2
1009 0
1010 2
1011 0
1012 0
1013 2
1014 0
1015 1
1016 0
1017 0
1018 5
1019 1
1020 1
1021 2
1022 0
1023 0